0 1.0000 5726.00 0
1 0.9850 4632.00 1
2 0.9702 3076.00 3
3 0.9557 1610.00 2
4 0.9413 830.00 2
5 0.9272 828.00 0
6 0.9133 633.00 0
7 0.8996 633.00 0
8 0.8861 633.00 0
9 0.8728 632.00 1
10 0.8597 626.00 0
11 0.8468 626.00 0
12 0.8341 626.00 0
13 0.8216 626.00 0
14 0.8093 626.00 1
15 0.7972 626.00 0
16 0.7852 626.00 0
17 0.7734 626.00 0
18 0.7618 626.00 0
19 0.7504 626.00 0
20 0.7391 626.00 0
21 0.7280 626.00 0
22 0.7171 626.00 0
23 0.7064 626.00 0
24 0.6958 626.00 0
25 0.6853 626.00 0
26 0.6751 626.00 0
27 0.6649 626.00 0
28 0.6550 626.00 0
29 0.6451 626.00 0
30 0.6355 626.00 0
31 0.6259 626.00 0
32 0.6165 626.00 0
33 0.6073 626.00 0
34 0.5982 626.00 0
35 0.5892 626.00 0
36 0.5804 626.00 0
37 0.5717 626.00 0
38 0.5631 626.00 0
39 0.5546 626.00 0
40 0.5463 626.00 0
41 0.5381 626.00 0
42 0.5301 626.00 0
43 0.5221 626.00 0
44 0.5143 626.00 0
45 0.5066 626.00 0
46 0.4990 626.00 0
47 0.4915 626.00 0
48 0.4841 626.00 0
49 0.4768 626.00 0
50 0.4697 626.00 0
51 0.4626 626.00 0
52 0.4557 626.00 0
53 0.4489 626.00 0
54 0.4421 626.00 0
55 0.4355 626.00 0
56 0.4290 626.00 0
57 0.4225 626.00 0
58 0.4162 626.00 0
59 0.4100 626.00 0
60 0.4038 626.00 0
61 0.3978 626.00 0
62 0.3918 626.00 0
63 0.3859 626.00 0
64 0.3801 626.00 0
65 0.3744 626.00 0
66 0.3688 626.00 0
67 0.3633 626.00 0
68 0.3578 626.00 0
69 0.3525 626.00 0
70 0.3472 626.00 0
71 0.3420 626.00 0
72 0.3368 626.00 0
73 0.3318 626.00 0
74 0.3268 626.00 0
75 0.3219 626.00 0
76 0.3171 626.00 0
77 0.3123 626.00 0
78 0.3076 626.00 0
79 0.3030 626.00 0
80 0.2985 626.00 0
81 0.2940 626.00 0
82 0.2896 626.00 0
83 0.2852 626.00 0
84 0.2810 626.00 0
85 0.2767 626.00 0
86 0.2726 626.00 0
87 0.2685 626.00 0
88 0.2645 626.00 0
89 0.2605 626.00 0
90 0.2566 626.00 0
91 0.2528 626.00 0
92 0.2490 626.00 0
93 0.2452 626.00 0
94 0.2415 626.00 0
95 0.2379 626.00 0
96 0.2344 626.00 0
97 0.2308 626.00 0
98 0.2274 626.00 0
99 0.2240 626.00 0
100 0.2206 626.00 0
101 0.2173 626.00 0
102 0.2140 626.00 0
103 0.2108 626.00 0
104 0.2077 626.00 0
105 0.2046 626.00 0
106 0.2015 626.00 0
107 0.1985 626.00 0
108 0.1955 626.00 0
109 0.1926 626.00 0
110 0.1897 626.00 0
111 0.1868 626.00 0
112 0.1840 626.00 0
113 0.1813 626.00 0
114 0.1785 626.00 0
115 0.1759 626.00 0
116 0.1732 626.00 0
117 0.1706 626.00 0
118 0.1681 626.00 0
119 0.1655 626.00 0
120 0.1631 626.00 0
121 0.1606 626.00 0
122 0.1582 626.00 0
123 0.1558 626.00 0
124 0.1535 626.00 0
125 0.1512 626.00 0
126 0.1489 626.00 0
127 0.1467 626.00 0
128 0.1445 626.00 0
129 0.1423 626.00 0
130 0.1402 626.00 0
131 0.1381 626.00 0
132 0.1360 626.00 0
133 0.1340 626.00 0
134 0.1320 626.00 0
135 0.1300 626.00 0
136 0.1280 626.00 0
137 0.1261 626.00 0
138 0.1242 626.00 0
139 0.1224 626.00 0
140 0.1205 626.00 0
141 0.1187 626.00 0
142 0.1169 626.00 0
143 0.1152 626.00 0
144 0.1135 626.00 0
145 0.1118 626.00 0
146 0.1101 626.00 0
147 0.1084 626.00 0
148 0.1068 626.00 0
149 0.1052 626.00 0
150 0.1036 626.00 0
151 0.1021 626.00 0
152 0.1005 626.00 0
